Sref = 121.435744 
Cref = 4.420474 
Bref = 34.070000 
X_cg = 4.143473 
Y_cg = -0.000408 
Z_cg = -0.082074 
Mach = 0.758108 
AoA = 5.000000 
Beta = 0.000000 
Vinf = 100.000000 
Rho = 0.002377 
ReCref = 10000000.000000 
ClMax = -1.000000 
MaxTurningAngle = -1.000000 
Symmetry = No 
FarDist = -1.000000 
NumWakeNodes = -1 
WakeIters = 5 
NumberOfRotors = 0 
